# E(MeVfm-3) P(MeVfm-3) rho/rho0 rho
127.5661394 32.13336225	1	0.16
210.9376677 137.5703697	2	0.32
340.0552642	326.4747097	3	0.48
531.9865783	605.9931729	4	0.64
798.7932931	981.8515949	5	0.8
1150.553175	1458.909174	6	0.96
1596.353472	2041.429254	7	1.12
2144.780133	2733.235172	8	1.28
2804.224419	3537.809373 9	1.44
3583.111489	4458.360889	10	1.6
4490.094937	5497.873639	11	1.76
5534.239606	6659.142333	12	1.92
6725.206122	7944.79999	13	2.08
8073.446597	9357.339551	14	2.24
9590.419226	10899.13119	15	2.4
11288.82881	12572.43647	16	2.56
13182.90035	14379.41996	17	2.72
15288.69311	16322.15912	18	2.88
17624.46365	18402.65253	19	3.04
20211.08698	20622.82701	20	3.2
23072.54658	22984.54376	21	3.36
26236.50569	25489.60367	22	3.52
29734.97395	28139.75201	23	3.68
33605.08597	30936.68253	24	3.84
37890.01119	33882.0411	25	4
42640.01708	36977.42901	26	4.16
47913.71211	40224.40581	27	4.32
53779.49851	43624.49199	28	4.48
60317.27041	47179.1713	29	4.64
67620.39853	50889.89292	30	4.8
75798.04938	54758.07341	31	4.96
84977.89509	58785.09847	32	5.12
95309.2791	62972.3246	33	5.28
106966.9135	67321.08056	34	5.44
120155.1971	71832.66877	35	5.6
135113.2567	76508.36657	36	5.76
152120.8322	81349.4274	37	5.92
171505.1457	86357.0819	38	6.08
193648.9167	91532.5389	39	6.24
218999.7137	96876.98636	40	6.4
248080.8636	102391.5923	41	6.56
281504.1739	108077.5055	42	6.72
319984.7697	113935.8564	43	6.88
364358.3914	119967.7579	44	7.04
415601.5588	126174.3056	45	7.2
474855.0735	132556.5791	46	7.36
543451.4066	139115.6418	47	7.52
622946.6103	145852.5424	48	7.68
715157.4943	152768.3146	49	7.84
822204.9299	159863.9779	50	8
946564.2834	167140.5384	51	8.16
1091124.146	174598.9888	52	8.32
1259254.713	182240.3088	53	8.48
1454887.391	190065.4661	54	8.64
1682607.461	198075.4161	55	8.8
1947761.924	206271.1025	56	8.96
2256585.006	214653.458	57	9.12
2616344.191	223223.404	58	9.28
3035510.125	231981.8515	59	9.44
3523954.259	240929.7009	60	9.6
4093178.745	250067.8429	61	9.76
4756583.815	259397.158	62	9.92
5529778.715	268918.5176	63	10.08
6430943.255	278632.7834	64	10.24
7481248.163	288540.8083	65	10.4
8705343.777	298643.4366	66	10.56
10131928.09	308941.5037	67	10.72
11794407.01	319435.8369	68	10.88
13731661.7	330127.2551	69	11.04
15988940.28	341016.5695	70	11.2
18618893.97	352104.5833	71	11.36
21682780.94	363392.0924	72	11.52
25251864.9	374879.8852	73	11.68
29409039.78	386568.7427	74	11.84
34250716.85	398459.439	75	12
39889016.57	410552.7413	76	12.16
46454314.08	422849.41	77	12.32
54098195.2	435350.1989	78	12.48
62996888.83	448055.8552	79	12.64
73355252.2	460967.1201	80	12.8
85411397.72	474084.7283	81	12.96
99442064.25	487409.4086	82	13.12
115768852.1	500941.8836	83	13.28
134765460.2	514682.8705	84	13.44
156866085.7	528633.0804	85	13.6
182575172.2	542793.219	86	13.76
212478722.5	557163.9865	87	13.92
247257425.2	571746.0777	88	14.08
287701886.8	586540.182	89	14.24
334730303.3	601546.9838	90	14.4
389408962.5	616767.1624	91	14.56
452976029.1	632201.3919	92	14.72
526869134.1	647850.3417	93	14.88
612757378.2	663714.6765	94	15.04
712578450.7	679795.0559	95	15.2
828581679.9	696092.1351	96	15.36
963377959.5	712606.5648	97	15.52
1119997646	729338.991	98	15.68
1301957698	746290.0556	99	15.84
1513339520	763460.3958	100	16
